coefficients
-----------------
constant: 23.684594637179014
beta1 : -0.07366072897988217
beta2 : 0.030035081773484705
beta3 : -0.07529551828526891
beta4 : 1.1090747161736099
beta5 : -5.274829874185233
beta6 : 4.000848011134115
beta7 : -0.03626454160925006
beta8 : -1.079554806747001
beta9 : -0.004959667486739615
beta10 : -0.6774621226803804
beta11 : 0.006923668741425964
beta12 : -0.36502856092933667
              
model summmary
---------------
R-squared =   0.7647913348497996
MSE =  14.559974273870113
              
Prediction Performance
---------------
Predictive R-squared =   0.7647913348497996
MAE =  2.904847388891414
MAPE =   0.15773228176518989
RMSE =  3.9720352849818013
